# roadn xpos ypos lanes lanes*(lane_n to_lane_n to_segment_n)
0 81 599 3 true
1 85 588 3
2 91 567 3
3 95 555 3 0 0 4 1 1 4 2 2 49
4 102 535 2
5 107 517 2
6 114 502 2
7 121 486 2
8 126 474 2
9 134 485 2
10 142 441 2
11 151 424 2
12 162 407 2
13 169 394 2
14 183 374 2
15 193 356 2
16 205 339 2
17 212 327 2
18 217 319 2
19 225 307 2
20 232 294 2
21 245 276 2
22 257 258 2
23 272 237 2
24 282 224 2
25 294 211 2
26 308 193 2
27 316 184 2
28 330 169 2
29 340 159 2
30 360 139 2
31 371 130 2
32 382 122 2
33 397 109 2
34 406 102 2
35 416 95 2
36 426 88 2
37 434 82 2
38 447 73 2
39 455 68 2
40 464 62 2
41 472 58 2
42 480 53 2 0 0 43 1 1 43
43 492 38 3
44 500 45 3
45 513 38 3
46 522 33 3
47 533 28 3
48 544 23 3 false
49 108 531 1
50 112 521 1
51 117 508 1
52 126 489 1
53 133 476 1
54 141 463 1
55 148 452 1
56 156 438 1
57 166 424 1
58 175 408 1
59 186 391 1
60 245 296 1
61 263 271 1
62 273 263 1
63 285 256 1
64 301 251 1
65 314 252 1
66 326 258 1
67 337 266 1 false
68 376 307 1 true
69 369 286 1
70 365 268 1
71 364 253 1
72 366 186 1
73 370 174 1
74 374 161 1
75 379 149 1
76 384 140 1
77 393 127 1
78 408 113 1
79 443 84 1
80 466 69 1
81 473 65 1
82 481 59 1 0 2 43
